[UT_Mag]
setfreq1 = 1085.6
setamp1 = 0.6
setcycles1 = 3

[UT_P1]
setfreq1 = 1071374.72
setfreq2 = 1072460.1
setamp1 = 1.5
setamp2 = 2.2
setcycles1 = 233
setcycles2 = 1500
setphase1 = 0
setphase2 = 0

[UT_P2]
setfreq1 = 1071374.72
setfreq2 = 1072460.1
setamp1 = 1.5
setamp2 = 2.2
setcycles1 = 233
setcycles2 = 1500
n_acc = 1100000
setphase1 = 0
setphase2 = 0
offset = 0.0

[Delays]
del_mg = 0.002763448
t_nu_p = 0.000217476
t_nu_c = 0.001398652
accu_p = 1.025679184
offset = 0.0
del_ej = 1.027295312

